產生一個640*480的畫布，置中在視窗中間
利用ml5.js來撰寫facemesh model功能
利用facemesh內的編號為409,270,269,267,0,37,39,40,185,61,146,91,181,84,17,314,405,321,375,291
利用line指令畫線，把所有編號點串接在一起
線條的顏色為紅色，粗細為15
請把程式碼寫在sketch.js

利用line指令再產生以下資料，這是左眼位置，依照陣列內編號數字做串聯
243,190,56,28,27,29,30,247,130,25,110,24,23,22,26,112
133,173,157,158,159,160,161,246,33,7,163,144,145,153,154,155

利用line指令再產生以下資料，這是右眼位置，依照陣列內編號數字做串聯
359,467,260,259,257,258,286,414,463,341,256,252,253,254,339,255
263,466,388,387,386,385,384,398,362,382,381,380,374,373,390,249

幫我將左右兩眼的顏色改為，線條顏色為綠色，被線條框住的部分以紅色填滿

幫我將嘴巴的線條設定為紅色，被線條框住的部分以黃色填滿，同時將全部的線條粗細改為5px，所有的透明度改為50%

